E_Coor
0 0
E_GlobalOpacity
255
E_Direction
0
E_Spread
122
E_Life
0,268
E_LoopMode
FALSE
E_Emission
709
E_Gravity
0 0
E_Type
0
P_ParticlesPositionsRelativeToEmitterPosition
FALSE
P_Texture
sphere_particle.png
32 32
P_Frame
0 0
P_Life
1,082 0,000
P_ColorMode
0
P_BlendMode
1
P_Color
12 0,00000 255 106 106 255 0,55369 179 0 0 166 0,58030 255 62 158 255 0,61773 255 62 158 1 0,65714 255 62 158 255 0,69557 255 255 255 1 0,73498 255 62 158 255 0,77537 255 255 255 1 0,81478 255 255 255 255 0,85517 255 255 255 1 0,86010 255 62 158 254 1,00000 250 129 56 1
P_Velocity
86 32 3 0,00000 -0,08108 0,46404 0,02703 1,00000 -1,67568
P_AVelocity
0 0 2 0,00000 0,00000 1,00000 0,00000
P_Size
0,15000 0,08000 5 0,00000 0,58537 0,08571 0,90244 0,22463 1,51220 0,96158 1,43902 1,00000 0,68293
P_StartAngle
0 0
P_Spin
0 0 2 0,00000 0,01361 1,00000 0,01361
