E_Coor
0 0
E_GlobalOpacity
255
E_Direction
0
E_Spread
148
E_Life
0,134
E_LoopMode
FALSE
E_Emission
478
E_Gravity
0 0
E_Type
0
P_ParticlesPositionsRelativeToEmitterPosition
FALSE
P_Texture
sphere_particle.png
32 32
P_Frame
0 0
P_Life
1,016 0,000
P_ColorMode
1
P_BlendMode
1
P_Color
13 0,00000 0 0 0 1 0,11429 0 255 255 254 0,53202 0 179 179 252 0,80887 255 255 255 251 0,84039 255 255 255 1 0,86108 255 255 255 254 0,89064 255 255 255 1 0,90443 255 255 255 255 0,92414 255 255 255 1 0,93399 255 255 255 249 0,95862 255 255 255 1 0,98128 255 255 255 254 1,00000 250 129 56 1
P_Velocity
36 27 5 0,00000 0,51351 0,32414 1,40541 0,50640 1,56757 0,65222 1,29730 1,00000 0,18919
P_AVelocity
0 0 2 0,00000 0,00000 1,00000 0,00000
P_Size
0,13000 0,08000 5 0,00000 1,17072 0,08571 1,31707 0,23251 1,78049 0,76256 1,70732 1,00000 1,21951
P_StartAngle
0 0
P_Spin
0 0 2 0,00000 0,01361 1,00000 0,01361
