E_Coor
0 0
E_GlobalOpacity
255
E_Direction
0
E_Spread
111
E_Life
0,268
E_LoopMode
FALSE
E_Emission
478
E_Gravity
0 0
E_Type
0
P_ParticlesPositionsRelativeToEmitterPosition
FALSE
P_Texture
sphere_particle.png
32 32
P_Frame
0 0
P_Life
1,815 0,000
P_ColorMode
1
P_BlendMode
1
P_Color
13 0,00000 0 0 0 1 0,11429 0 255 0 254 0,53202 0 136 0 252 0,80887 255 255 255 251 0,84039 255 255 255 1 0,86108 255 255 255 254 0,89064 255 255 255 1 0,90443 255 255 255 255 0,92414 255 255 255 1 0,93399 255 255 255 249 0,95862 255 255 255 1 0,98128 255 255 255 254 1,00000 250 129 56 1
P_Velocity
33 34 4 0,00000 -1,08108 0,31034 0,81081 0,64729 0,56757 1,00000 -1,24324
P_AVelocity
1 0 2 0,00000 0,00000 1,00000 0,00000
P_Size
0,15000 0,10000 5 0,00000 0,97561 0,07783 1,12195 0,23251 1,56098 0,76552 1,48780 1,00000 0,90244
P_StartAngle
0 0
P_Spin
0 0 2 0,00000 0,01361 1,00000 0,01361
