E_Coor
0 0
E_GlobalOpacity
255
E_Direction
0
E_Spread
114
E_Life
0,168
E_LoopMode
FALSE
E_Emission
800
E_Gravity
0 0
E_Type
0
P_ParticlesPositionsRelativeToEmitterPosition
FALSE
P_Texture
sphere_particle.png
32 32
P_Frame
0 0
P_Life
1,315 0,000
P_ColorMode
1
P_BlendMode
1
P_Color
12 0,00000 255 0 255 255 0,55074 255 0 255 31 0,58030 255 255 255 255 0,61773 255 255 255 1 0,65714 255 255 255 255 0,69557 255 255 255 1 0,73498 255 255 255 255 0,77537 255 255 255 1 0,81478 255 255 255 255 0,85517 255 255 255 1 0,86010 255 255 255 254 1,00000 250 129 56 1
P_Velocity
40 32 3 0,00000 0,51351 0,46502 0,56757 1,00000 0,08108
P_AVelocity
0 0 2 0,00000 0,00000 1,00000 0,00000
P_Size
0,13000 0,15000 5 0,00000 1,17072 0,07192 1,02439 0,21675 1,53659 0,74581 1,53659 1,00000 0,90244
P_StartAngle
0 0
P_Spin
0 0 2 0,00000 0,01361 1,00000 0,01361
